63.83333333
60.75
63.57142857
64.75
64
64.44444444
63.5
63.44444444
62.375
58.44444444
62
16.33333333
22.25
12.88888889
24.55555556
42.5
62.22222222
64.33333333
65.88888889
66.125
65.22222222
67.55555556
68.66666667
65.55555556
61.71428571
66
61.77777778
63.625
64.75
64.625
64.33333333
65.625
63.25
65.11111111
66.33333333
63
65.375
64.77777778
66.75
67.14285714
65
55.33333333
58.44444444
59.75
64.875
68.625
67
65.5
69.33333333
65.88888889
64.44444444
66.11111111
67.33333333
67.125
67.625
67.71428571
67.11111111
64.55555556
66.125
65.75