60.16666667
63.25
63.28571429
52.375
59.625
61.44444444
58.625
61.44444444
65.125
61.77777778
63.125
63
62.375
62.88888889
65.11111111
64.375
62.77777778
63.33333333
63.77777778
64.375
63.55555556
64
65.77777778
62.22222222
57.85714286
64
61.11111111
63.125
63
62.75
65
62
62.375
63.11111111
64.22222222
63.375
65.375
66.11111111
65.75
64.42857143
65.125
60.83333333
60.88888889
65.625
64.625
65.375
61.25
62.25
67.5
58.22222222
61.22222222
66.44444444
67.11111111
65.125
65.375
66
64.55555556
64.55555556
66.875
66.125