58.33333333
60.75
58.14285714
37.875
26.5
59.11111111
55.75
58.55555556
63.125
60.55555556
60.625
60.55555556
60.625
59
61.77777778
60.125
58.88888889
60.11111111
60.88888889
60.625
61.33333333
62.33333333
64.55555556
53.77777778
53.85714286
59.625
55.44444444
62.25
58.375
59.25
61.88888889
59.875
59.375
61.22222222
63.33333333
62.125
62.625
63.44444444
62.75
51.85714286
60.875
55.5
59.33333333
61.125
61.625
63.875
62.25
60.5
61.83333333
51.11111111
59.44444444
62.77777778
66.44444444
62.625
62.625
62.85714286
62.44444444
62.66666667
64.375
63.875