63.33333333
62.625
66.85714286
67.125
66.875
68
67.25
65.66666667
66.71428571
66.66666667
66.375
65.55555556
61.125
24.44444444
23.77777778
43
67.44444444
68.77777778
69.22222222
69
68.44444444
68.77777778
68.77777778
66.88888889
66.42857143
64.75
63.44444444
66
67.375
68.625
67.88888889
68.75
68.5
68
68.11111111
68.75
67.875
68.55555556
68.875
68.71428571
67.875
64.66666667
64.22222222
65.875
69.25
69.125
68.75
68.625
68.83333333
66.33333333
66.9128543
68.2980721
68.91967819
69.74176964
70.7294481
68.3108902
68.67593408
68.60298286
68.1463787
68.5365