62.83333333
66.25
68.28571429
66.125
61.25
63.44444444
66.375
67.66666667
67.375
67.88888889
68.125
68.11111111
68
60.88888889
68.11111111
66
67.55555556
69.44444444
68.77777778
69.25
68.88888889
66.55555556
68.88888889
65.88888889
64.57142857
67.125
66.33333333
68.5
67.125
68.625
69.11111111
68.375
32.375
20.44444444
22.22222222
68.875
69.25
69.44444444
69.25
68.14285714
68
62.5
67.77777778
68.25
69.5
68.125
68.28571429
68.875
63.5
63.66666667
66.22222222
69.11111111
68.88888889
68.875
69.625
69.14285714
69.55555556
69.77777778
69.375
69.25