63.66666667
65.25
68.28571429
67
61.5
62.77777778
65.5
65.44444444
64.57
64.18
65.37
65.45
65.125
58.88888889
68.33333333
64.375
66.66666667
68.88888889
68.11111111
67.625
68.44444444
66.22222222
68.44444444
65.22222222
65.14285714
67.75
65.44444444
69.5
67.25
69
68.55555556
67.5
32.375
26.44444444
31.33333333
70
69
69
69.75
33.85714286
66.125
52.66666667
61
66.125
68
67
67.875
66.875
65.16666667
63.55555556
66.11111111
69.11111111
67.55555556
69.25
69.125
69
69.33333333
69.22222222
69.625
67.625