10140	26.3	44.45	1.2	1	0.9	1.2	1.7	1	1.3	1.4	1.8	1.3	1.3	0.8	2.4	2.5	0.5	2.4	2.5	2.5	1.2	1.3	0.8	1.2	1.4	1.2	2.5	1.5	25.2	24.9	24.6	24.2	23.9	23.8	23.8	24.5	26.3	28.2	30.1	30.8	30.2	27.2	28.5	30	29.9	26.8	25	25.1	24.9	24.6	24.2	23.7	30.8	17.5	0.78	0.79	0.05	1544	8.2	0.68	0.39	0.85	3178.5	-6.7	0.35	0.76	2.68	5880	32.25	20	0.71
10130	27.7	42.7	1.3	1	1.1	1.1	1	1	1.4	2.3	3.2	3.4	2.9	2.3	1.7	2.5	2.9	2.4	1.4	1.8	2.6	3.3	2.3	2.8	2.8	2	3.4	2.1	23.5	23.3	23.3	23.4	23.3	23.3	23.3	24.4	26.4	28.1	28.5	29.6	31.6	32.7	32.7	33.1	33.2	32.7	31.4	29.9	28.5	27.4	26.6	25.2	33.2	18	0.54	-2.88	-5.98	1538.5	9.1	0.47	-3.8	-5.1	3174	-8.1	0.78	0.9	1.13	5880	23.1	-10	0
10125	24.1	43.6	1.1	0.8	0.9	1.2	1	2.2	2.5	3.3	3.4	3.4	3.4	3.6	2.5	2.5	3	3.3	3.2	3	1.2	0.5	0.3	0.4	0.5	0.6	3.6	2	23.9	22.5	21.7	21.4	19.7	19.1	18.8	19.8	21.7	23.1	25.2	26.9	28.1	29.2	30.4	30.9	31	30.3	27.8	24.8	22.8	21	20.1	18.7	31	18	0.64	0.14	-5.18	1522.5	9.3	0.22	-1	-8.37	3157	-7.3	0.03	-2.9	-6.06	5865	14.8	-5	0
10150	22.5	-0.2	1	1.3	0.7	0.7	1.1	1.2	1.7	2.4	2.6	2.7	2.9	3.1	2.6	2.6	1.4	1.4	2.1	1.7	0.7	0.4	0.3	0.8	0.2	0.1	3.1	1.5	18.7	18.4	17.7	16.9	16.3	16.1	16.1	17.7	20.6	23.2	25.2	26.7	27.6	28.8	29.6	30.3	30.6	30.2	27.1	23.8	21.7	20.1	19.2	17.7	30.6	16.8	0.02	-5.13	-5.01	1522.5	9.5	0.18	-4.79	-6.68	3157	-7.6	0.04	-2.2	-8.21	5860	-29.8	25	0
10145	23.2	12	0.3	0.4	0.5	0.7	0.8	0.7	0.4	1	0.8	0.4	0.4	1.3	0.8	0.6	1.4	1.5	2.7	3	2.4	2.1	1.7	1.6	1.2	0.2	3	1.1	17.1	16.5	16.3	16.2	16	15.1	14.8	17.9	21.2	24.4	27.2	28.4	29.5	30.3	30.8	31	30.5	29.4	27.3	25.4	24.4	23.6	22.4	20.9	31	16.3	0.1	-3.74	-3.42	1533	8.6	0.16	-2.47	-4.33	3161.5	-7.7	0.04	0.22	-5.89	5870	-18.2	-5	0
10130	25	33.9	0.4	0.3	0.2	0.4	0.4	0.6	0.8	1	0.7	0.8	0.8	1.5	2.4	2.8	3	3.6	4.2	3.5	3	2.5	1.5	1	0.2	0.4	4.2	1.5	19.8	18.7	18.2	17.9	17.8	17.9	18.6	20.7	24.1	26.4	27.9	29.4	30.6	31.1	31.8	31.6	31	30.2	28.3	27.2	26.3	25.4	24.6	23.9	31.8	16.8	0.49	-0.74	3.96	1527	9.3	0.1	-1.52	3.25	3159	-7	0.07	0.55	-3.99	5870	-1.6	-15	0
10110	27.6	40.8	0.3	0.8	0.4	0.4	0.8	0.9	1.1	2	4.1	4.2	4.6	5.3	5.7	5.3	5.1	5	4.9	4.2	3.4	2.2	1.5	1.8	2.4	3.1	5.7	2.9	23.8	23.6	23.7	23.1	23.5	24.3	24.8	26.9	29.1	30.3	31.1	31.4	32.2	32.1	32.2	31.3	30.3	29.3	27.9	27.3	26.6	26.2	26	25.2	32.2	18.1	0.6	0.65	7.91	1519	10.6	0.28	2.23	10.05	3157.5	-6.3	0.05	-1.19	3.65	5875	10	-20	0
10105	25.2	43.1	2.4	1.5	1.2	1.4	2.3	2.5	2.6	2.4	2.3	2.7	2.6	2.1	2.5	2.4	3.9	3.4	2	2	1.7	1.9	2	1.6	2.2	2.4	3.9	2.2	24.8	24.2	24.2	24.4	24.3	23.9	23.7	23.6	23.9	24.9	25.8	26.3	27.7	29.1	29.4	26.9	24.8	24.8	24.7	24.4	24.4	24.3	24.4	24.7	29.4	18.5	0.66	-2.95	6.82	1516	8.2	0.79	-1.52	9.95	3154	-6.3	0.79	-2.03	4.9	5860	33.4	-5	2.11
10090	28.7	42.45	1.4	1.3	1.6	1.5	1.3	0.9	1	1	1.8	3.2	3.5	3.4	3.4	4.2	3.5	3.8	4.3	3.6	3.4	3	3	3.1	3	3	4.3	2.6	24.7	25.1	25.2	25.2	25.2	25.3	25.4	26.4	28.1	29.8	31.1	31.9	32.7	32.5	32.6	32.3	32.3	31.3	30	29.1	28.4	27.9	27.8	27.7	32.7	18	0.73	-3.18	7.32	1500.5	8.7	0.78	1.37	7.87	3139	-5.7	0.73	2.9	-1.44	5855	33.15	-15	0.51
10100	29.5	45.35	2.8	2.3	1.9	1.6	2	2.1	2.4	2.9	3.3	4.4	3.5	4	4	3.9	4.3	4.5	4.1	3.9	3.4	3	2.5	2.6	2.1	2.3	4.5	3.1	27.7	27.5	27.3	27.3	27.3	27.1	27.4	28.3	29.3	30.7	31.2	32.4	32.7	32.9	33	32.7	32.1	30.9	29.6	28.7	28	27.8	27.7	27.6	33	19.4	0.77	5.53	7.32	1517	10.3	0.74	6.89	5.79	3165.5	-5.4	0.32	7.9	4.03	5890	35.45	10	0
10115	28.7	38.6	1.7	1.6	1.9	1.6	1	1.1	0.6	1.9	3.4	3.4	3.8	3	2.7	2.7	2.5	3.5	3.3	3.4	3.2	3.4	3	3.9	2.5	4.6	4.6	2.7	27.1	26.7	26.6	26.5	26.2	26.2	26.1	27.7	29.2	30.3	31.4	32.6	32.9	33.5	34.1	33.4	33	31.8	30.3	29.5	26.7	23.3	22.7	21.7	34.1	20.2	0.43	3.36	7.8	1528	12	0.38	3.26	4.14	3181.5	-5.6	0.31	7.38	4.14	5905	19	15	0.38
10115	18	42.8	4.9	4.6	3.9	4.5	5.1	5.5	4.6	5.5	5.8	5.4	5.2	6	5.5	5.5	5.8	4.7	4.6	4.2	3.1	3.4	3.1	2.9	1.5	1.5	6	4.4	19.5	19.1	18.3	17.8	17.4	16.8	15.8	15.6	15.8	16.3	17.2	18.5	19.8	20.7	21.1	21.5	21.3	20.4	18.9	17.8	16.9	16.1	14.9	13.8	21.5	18.2	0.74	6.91	2.31	1516	10.7	0.38	9.62	4.7	3157	-5.8	0.22	11.93	3.2	5875	23.5	0	0.03
10185	16	14.5	1.5	1.7	1.7	1.7	1.3	1.7	1.8	2.6	3	2.4	2.2	2.5	2.1	2.8	2.8	2.7	3	2.8	2	1.5	0.9	0.2	0	0.2	3	1.9	13.2	12.7	12.2	11.7	11.2	10.5	10.6	11.7	13.2	15.1	16.6	17.8	19.1	20.3	20.9	21.8	22.1	21.6	20.3	19	17.8	16.1	15	13.8	22.1	13.6	0.23	2.42	-7.57	1521	10.5	0.03	7.35	-5.04	3147.5	-3.9	0.01	11.79	-6.34	5870	-29.9	70	0
10200	18.7	17.5	0.5	0.6	0.8	1.2	1.1	0.9	0.8	1.2	1.9	2.2	2.5	2	2.4	2	1.9	2.3	2.5	2.2	1.2	0.9	0.2	0.1	0.5	0.4	2.5	1.3	14	13.9	13.2	13.1	12.6	12.2	11.7	13.8	16.9	19.2	20.7	21.9	23	24.3	25.4	26.1	26.4	25.9	23.8	21.5	19.1	17.3	16.3	15.4	26.4	13.8	0.26	-5.27	-4.17	1544.5	10.9	0.02	-2.55	-4	3173	-4.2	0.01	5.11	-4.17	5900	-33.7	15	0
10190	20.4	14	0.4	0.5	0.7	1	0.9	0.8	0.9	1.6	2.2	2.7	3.3	2.8	2.8	2.7	2.4	2.1	2.9	2.1	1.3	0.6	0.4	0.3	0.4	0.8	3.3	1.5	14.7	14.2	14.7	14.4	13.4	12.7	12.6	15.2	18.9	21.7	23.9	25.3	26.5	27.4	28.2	28.6	28.6	27.6	25.1	22.4	19.9	18.6	17.6	17.6	28.6	12.6	0.19	-5.67	-5.2	1553.5	9.1	0.03	-2.51	-5.05	3174.5	-5.9	0.06	6.25	-3.94	5890	-32.4	-10	0
10175	21.3	28.5	1.1	1.1	0.8	0.5	0.4	0.4	0.6	1.7	2.2	2.5	2.1	3	2.1	2.3	2.1	1.4	2.1	2	1.6	1.6	1.3	0.2	0.4	0.2	3	1.4	18	17.6	16.3	14.9	13.9	13.5	13.4	16.3	19.9	22.9	25.1	26.6	27.2	27.9	28.3	28.7	28.7	27.8	25.1	22.8	21.6	19.5	17.9	16.8	28.7	14.3	0.26	-2.9	-3.31	1551.5	5.9	0.08	-2.98	-5.33	3163.5	-10.2	0.2	5.55	-8.84	5845	-11.2	-15	0
10165	21.4	23.8	0.4	0.4	0.3	0.5	0.5	0.8	0.8	1.1	1.3	1.4	1.3	2	2.6	2.5	1.8	2.6	1.9	1.8	1.3	2	1.7	1.1	0.8	0.2	2.6	1.3	16.3	15.7	15.3	15	14.7	14.7	14.7	16.9	20.6	23.7	25.5	26.4	27.3	27.8	28.6	28.7	28.6	27.8	24.9	23.4	21.7	20.2	19.2	17	28.7	13.3	0.33	-2.49	-2.94	1537	6.9	0.05	-2.26	-1.6	3149	-7.6	0.02	1.91	-5.84	5845	-20.8	-10	0
10145	22.1	21.5	0.2	0.4	0.6	0.5	0.7	0.7	0.3	1.2	1	1.5	1.7	2.1	2	2.3	2.1	2.5	3.5	3.2	2.5	2.1	1.8	1.3	1.2	0.9	3.5	1.5	16.2	15.7	15.2	14.9	14.8	14.4	14.2	16.6	20.2	23.6	25.8	26.9	28	28.6	28.9	29.1	28.2	26.9	25.4	24.4	23.8	23.3	23	23.4	29.1	14	0.29	-1.94	-0.08	1525.5	8.7	0.02	0.99	-0.14	3144.5	-5.5	0.02	3.79	-3.04	5860	-28	-20	0
10130	26.5	34	1	0.9	0.8	1	0.7	0.7	0.5	0.4	0.8	2.5	3.4	2.1	2.4	4	4.2	4.7	4.3	4.4	2.9	2.7	2.5	2.3	1.6	1.1	4.7	2.2	23.3	23.1	23.1	23.4	23.4	24	23.6	24	26.1	28.1	28.9	29.8	30.8	30.2	30.2	29.8	29.6	28.6	27.4	26.6	26.2	25.8	25.1	24.4	30.8	15	0.63	1.02	1.92	1523.5	9.9	0.03	1.69	-1.13	3149.5	-5.8	0.04	3.66	-5.57	5865	-12.8	-15	0
10140	26.1	32.5	1.1	1	1.1	0.5	1	0.8	1.3	1.3	2.1	2.8	3.1	3.1	3.4	3.9	4.4	4	4.6	4	3.5	2.5	2.1	1.3	1.1	1	4.6	2.3	24.1	23.7	23.4	23.2	23.1	23.2	23.4	24.2	26.9	28.3	29.4	30	29.8	30.2	29.8	30.2	29.4	28	26.5	25.6	24.8	24	23.3	22.5	30.2	15.6	0.55	-2.32	1.13	1531	11	0.08	-1.69	-0.57	3165	-5.4	0.03	0.27	-1.04	5890	-8.9	10	0
10135	25.4	41	0.9	0.2	0.3	0.4	0.2	0.2	0.5	1.3	1	2.1	2.5	2.1	2	3.1	3.7	3.7	3.3	3.6	3	2.3	1.7	1.7	1.7	1.3	3.7	1.8	21.7	20.7	20.4	20.2	20.2	20.7	20.8	21.4	24.7	27.1	29.1	30.2	30.8	30.7	30.8	30.8	30.2	28.9	26.9	25.6	24.9	24.4	24.2	24.2	30.8	15.8	0.79	-0.8	2.15	1524.5	11.4	0.04	0.03	-1.12	3163.5	-6.6	0.06	5.22	1.4	5890	-3.6	-5	0
10130	27.7	44	0.6	0.8	0.6	0.6	1.2	1.1	1	1.3	2.1	2.6	2.4	1.4	2.2	1.5	1.4	2.4	2.5	3.7	3.4	3	2.1	2.1	2.2	1.9	3.7	1.8	24.3	24.2	24.2	24.2	24.5	25	25.4	26.2	27.6	29.6	30.5	29.9	28.2	29.9	30.2	30.9	31.2	30.8	29.4	28.3	27.8	27.4	27.4	27.4	31.2	16.8	0.81	-0.44	4.88	1530.5	11	0.28	1.51	5.63	3171.5	-6.9	0.16	4.18	-4.78	5895	10.1	-5	0.84
10130	24.7	48.7	1.7	1.7	1.1	1	0.8	0.9	0.6	1	2.5	3.7	3.2	4.1	4.6	4	4.2	4.3	3.7	4.1	4.1	3.5	3.3	3.4	4.3	4.3	4.6	2.9	27.4	27.3	26.9	26.4	26.2	25.9	25.6	26.4	27.8	28.7	28.1	25.1	25.6	25.9	25.3	25.3	24.8	23.9	22.5	20.8	19.8	18.9	18.8	18.5	28.7	19.2	0.71	3.4	5.05	1543	10.4	0.7	7.43	3.47	3188	-7.9	0.66	9.43	2.53	5900	35.5	0	0.56
10205	13.7	45	4.1	4.6	3.7	3.4	4.2	3.9	3.9	4.9	3.6	3.3	2.5	3	3	3	2.9	4.1	4.1	3.3	4.4	4	3.4	4.3	4.4	3.8	4.9	3.7	18.3	17.7	17.4	16.3	15.7	15.9	15.8	15.7	14.9	15	14.4	13.7	13.3	12.9	12.9	12.8	12.1	11.7	11.2	10.7	10.7	10.4	9.9	9.4	18.3	16.6	0.8	1.53	-4.07	1560.5	8.2	0.77	7.05	-2.92	3192	-7.7	0.56	11.78	0.49	5890	33.4	75	2.16
10275	8.7	36.6	3.8	4.1	3.7	2.8	3.7	3.9	3.2	3	4.2	4.8	6	5.5	5.1	3.9	2.6	2.8	2.1	1.7	1.5	1.4	1.3	1.8	1.4	1.3	6	3.2	9.3	9.6	9.8	9.8	10.2	10.2	9.2	8.8	9.4	9	8.6	8.4	8	7.1	7.2	7.9	7.9	8	8.1	8.4	8.6	9.1	8.6	8.4	10.2	10.4	0.86	2.92	-4.45	1575	5.7	0.85	7.15	-0.83	3187.5	-9.1	0.96	8.4122	-1.695	5865	25.2	70	0.13
10310	9.7	-10.1	1.7	1.7	1.3	1.6	1.7	1.8	1.5	1.8	2	2.7	3.4	3.3	3.6	3.2	3.2	2.5	1.7	1	1	1.1	0.9	0.7	1.7	1.7	3.6	2	8.6	8.6	8.3	8.2	7.9	7.6	7.9	8.6	8.9	9.3	9.7	10.2	10.4	10.6	10.7	11.1	11.2	11.1	10.7	10.6	10.4	10.3	10.4	10.6	11.2	5.5	0.03	-9.21	-7.47	1579	1.8	0.67	6.84	-4.89	3162.5	-9.7	0.93	18.71	-0.85	5825	-25.7	35	0.03
10285	13.4	-9.8	0.9	1.1	1.4	1.2	1.2	1.4	1.3	2.2	2.9	3.5	3	2.6	1.5	1.7	1.8	1.6	1.7	1.1	0.3	0.4	0.4	0.5	0.4	0.9	3.5	1.5	10.4	10.2	10	9.9	9.9	9.8	9.9	10.4	11.6	12.8	13.9	14.9	15.4	16	16.4	16.9	16.9	16.7	15.9	15.3	15.2	14.9	14.5	14.6	16.9	6	0.02	-3.58	-2.04	1574.5	-0.05	0.53	-3.78	2.33	3147.5	-11.1	0.93	10.02	-1.23	5795	-28.4	-25	0
10255	17.8	1.8	0.8	0.7	1.1	1.3	1.6	2	2.3	3	3.5	3.1	3.3	3.3	3.1	3.2	3	3.5	3.8	2.2	1.8	1.5	0.9	0.2	0.1	0.4	3.8	2.1	14.3	14.1	14.4	14.3	13.9	13.9	13.9	14.9	16.7	18.3	20	21.6	22.6	23.3	23.9	24	21.9	20.2	18.8	18.2	17.8	16.2	15.2	15.1	24	9.5	0.05	-1.45	-0.1	1576	1.9	0.71	2.43	-2.21	3164.5	-8.9	0.08	9.49	-9.49	5830	-11.5	-30	0
10250	19.7	21.3	0.3	0.4	0.7	1.7	1.7	1.7	1.6	2.2	2.6	3.6	3.2	3	2.9	3.2	2.9	3.6	3.5	3.1	1.9	1.3	1.6	1.3	0.9	0.1	3.6	2	15.4	15.6	15.7	15.8	15.2	14.6	14.2	15.3	18.3	20.9	22.6	24	24.8	25.6	26.2	25.7	24.7	22.8	20.8	19.2	19.1	19.2	18.8	17.4	26.2	13	0.28	-4.49	-2.2	1590	4.1	0.44	3.08	-3.82	3197.5	-7.4	0.02	6.88	-3.98	5895	3.4	-5	0
10230	20.2	12.6	0.4	0.3	0.5	0.6	1.3	1.4	1.4	1.8	2.3	3.5	3.9	3.5	3.4	4.3	3.9	4.2	3.7	3	2.8	1.7	1.2	1.3	1	1.1	4.3	2.2	15.8	15.1	14.6	14.6	15.4	15.6	15.4	16.6	19.4	22.6	24.6	25.6	25.7	25.7	25.9	25.5	24.9	23.2	21.7	20.5	19.5	18.9	18.6	18.2	25.9	13.3	0.12	-3.33	3.28	1587	6.7	0.09	-0.95	0.49	3196	-7	0.12	8.4933	0.329	5905	-26.4	-20	0
10210	21.9	21.4	1.1	1.3	1	1.3	1.6	1.3	1	1.9	2.6	2.9	2.2	2.1	2.9	2.8	2.1	2.6	3.1	3.3	3.9	3.3	2.2	1.3	0.4	1.3	3.9	2.1	18	17.6	17.3	17	17.1	17.1	17.2	18.4	20.7	23.3	24.9	25.8	26.7	27.3	27.6	27.5	27.2	25.7	23.4	22.3	21.6	21.1	20.8	20.5	27.6	12.7	0.53	-2.39	4.7	1574	9.3	0.04	-0.07	0.93	3185.5	-7	0.15	3.66	2.78	5895	-24.1	-20	0
10190	23.9	38.85	1.7	1.7	1.3	1.3	1.6	1.3	0.7	1.5	1.9	2.5	3.6	3.6	3.8	4	3.6	3.3	3.9	3.6	2.8	2.2	1.9	1.6	1.8	2.1	4	2.4	20.4	20.3	20.3	20.5	20.8	20.9	20.8	21.7	23.4	25.8	27.3	27.8	27.8	27.6	27.3	27.1	26.8	25.8	24.6	23.6	23.2	23.1	23.1	23	27.8	13.5	0.77	-2.35	2.16	1560.5	7.1	0.32	0.43	3.64	3175.5	-8.1	0.23	8.37	4.94	5870	8.75	-20	0.13
10175	24.4	37.9	1.9	2.2	1.3	0.8	1.2	1	0.7	0.8	2.1	2.4	3.1	2.6	1.9	1.8	1.1	1.4	2.7	2.6	1.8	3.4	3.1	2.8	2.8	2.2	3.4	2	22.9	22.5	22.2	21.3	21.2	21.3	21.5	22.4	24.6	26.3	26.9	27.7	28.2	28.8	29.4	29.8	28.9	26.8	25.9	24.1	21.2	20.6	20.4	20.2	29.8	14.5	0.59	0.26	3.23	1554	6.3	0.44	3.22	2.45	3169.5	-8.7	0.29	9.47	5	5860	5.1	-15	0.28
10175	22.6	43	3.5	2.4	1.5	1.1	1.2	1.2	1	1.4	1.3	1	1.1	1.9	2.6	2.3	1.3	2	2.7	3.2	1.9	1.8	2.7	1.2	1.1	1.2	3.5	1.8	19.8	19.9	19.5	19.2	18.6	18.4	18.2	19.2	20.7	22.3	24.1	25.5	26.4	27.3	27.8	28.2	27.2	25.9	24.9	23	21.9	21.4	21.2	21.1	28.2	14.7	0.67	2.02	-1.74	1554.5	4.6	0.84	5.93	-0.69	3168	-10	0.43	9.84	0.66	5845	30.35	0	0.91
10200	20.9	39.5	1.1	0.9	1.4	1.3	1.2	1.7	1.8	2.1	2.5	2.5	2.4	1.3	1.3	1.7	1.4	1.5	2	1	0.4	0.1	0.4	0.2	0.2	0.2	2.5	1.3	20.5	20.2	20.2	20.4	20.3	19.9	19.4	19.2	19.2	19.6	20.7	21.9	23.4	24.5	25.2	25.6	25.4	24.1	21.1	19.8	19.1	18.2	17.5	16.7	25.6	14	0.64	3.07	-3.1	1569	3.4	0.63	5.52	-2.7	3178	-9.2	0.31	7.07	2.95	5850	22.8	25	0
10200	20	35.6	0.5	0	0.4	0.4	0.7	0.9	1.7	1.7	2.1	2	1.1	1.2	0.8	0.5	0.8	0.6	0.8	1	0.6	1.1	1	0.3	0.6	0.4	2.1	0.9	16.4	15.7	15.4	15.3	15.2	15.3	15.6	16.2	18.3	20.5	22.5	24	24.9	25.6	26.1	26.4	26.3	23.9	21.9	20.5	20.3	19.4	18.2	17.2	26.4	11.8	0.38	-0.22	-6.84	1561.5	4.5	0.5	6.54	-3.94	3167	-13	0.26	8.91	2.75	5825	13.1	0	0
10180	21	32.2	0	0.1	0.3	0.1	0.2	0.4	0	0.8	1.1	1.7	2.6	2.8	2.7	3.2	3.4	2.9	1.9	1.8	1.4	0.8	1.2	1.7	0.8	0.5	3.4	1.4	16.4	16.3	15.9	15.5	15.4	15.3	15.4	17	20	22.7	24.6	25.7	26.6	26.5	25.7	25.2	25	24.2	23.1	22.2	21.5	21.6	21.4	20.9	26.6	11.9	0.43	2.5	-3.73	1548	4	0.52	8.78	-3.6	3152	-10.7	0.3	12.7	-4.08	5810	13	-20	0
10185	22.5	39.3	0.8	1	1	1.1	1.3	1.6	1.8	2.2	2.8	3.2	3.8	3.8	4.6	4.6	4	3.9	3.7	3.8	3.3	3.4	3.4	3	3.2	3.8	4.6	2.9	20.4	20.7	20.3	20.2	20.1	20.2	20	20.4	21.8	23.2	24.1	24.6	25.4	25.6	24.9	24.7	24.1	23.7	23.3	23.1	22.9	23.1	22.8	21.2	25.6	13.7	0.53	-1.21	-0.41	1554	5.5	0.69	4.15	-0.54	3167	-10.7	0.75	12.69	3.93	5840	23.4	5	0.3
10175	23.6	42.75	0.8	1.3	1.3	1.4	2.9	2.8	2.2	1.9	3	3.4	3.7	3.6	3	3.7	4.3	3.8	3.9	2.5	3.2	2.7	2.6	2.5	2.3	3	4.3	2.8	20.4	20.4	20.7	21.2	22.2	22.3	22.1	22.5	23.7	25.1	25.7	26.1	25.3	25.9	24.9	25.4	25.6	24.3	23.8	24.1	23.9	23.6	23.3	23.8	26.1	14.3	0.62	-2.73	7.32	1554	6.3	0.54	0.05	9.21	3170	-10.8	0.77	5.6	9.99	5845	23.45	-10	0.69
10225	24.5	45.65	2.7	2.1	1.7	1.8	2.3	2.3	2.7	2.5	2.8	3.4	4.5	4	4.8	5.8	5.5	5.3	4.5	3	2.5	3.4	2.5	2.4	2.4	1.9	5.8	3.2	23.8	23.3	23.3	23.2	23.2	23.2	23.1	23.2	23.9	24.7	26	26.9	27.6	27.8	27.9	26.8	25.6	24.9	24.2	23.8	23	22.7	22.5	22.2	27.9	14	0.89	-3.69	5.5	1599	6.2	0.75	-1.21	2.94	3216	-9.8	0.62	6.18	0.67	5895	31.7	50	0.56
10250	22.5	36.25	1.5	1.4	1.3	1.3	2.1	1.9	2.1	2.3	2.8	3	3.8	4.2	3.7	3.9	3.9	3.7	3.4	2.1	1.6	1.8	1.6	1	0.3	0.7	4.2	2.3	21.9	20.8	20.2	19.6	19.4	19.5	19.2	19.4	20.8	22.7	24.4	25.8	26.2	26.7	26.7	26.3	25.2	24.1	23.1	22.5	22	21.6	20.9	20.5	26.7	13.7	0.54	-8.91	2.76	1614.5	7.5	0.3	-4.97	1.33	3232	-9.5	0.38	-1.69	-1.94	5915	10.75	25	0
10225	22.4	38.95	0.8	1.2	1.7	1.6	1.9	2.1	2.1	2.3	2.6	3.4	4.1	4.1	3.6	3.5	4	4.1	3.5	2.5	1.9	1.8	1.7	2.1	2.2	1.4	4.1	2.5	20	19.8	20.2	20.3	20.2	19.8	19.3	19.3	20.8	23	24.7	25.7	26.2	26.3	26.1	25.2	24.2	23.5	22.9	22.4	21.9	21.8	21.6	21.6	26.3	13.2	0.68	-5.2	0.38	1589	7.3	0.13	-5.06	1.56	3201.5	-9.4	0.14	0.26	-0.69	5880	4.55	-25	0
10180	23.6	35.4	1.6	1.8	1.8	1.4	1.7	1.8	1.4	1.8	2.7	3.5	4.1	4	4.6	4.3	4.3	4	4.2	3.1	2.4	2	1.4	1.3	1.1	1.2	4.6	2.6	21.4	21.6	21.8	21.7	21.3	21.2	21.3	21.8	23.4	25.1	25.8	26.3	26.6	26.9	26.9	26.8	26.2	24.9	23.8	23.3	22.9	22.4	22.1	21.8	26.9	13.7	0.39	-0.4	1.82	1550.5	6.4	0.05	0.92	3.29	3163.5	-11	0.39	4.38	1.36	5830	-9.1	-45	0
10180	23.6	39.15	1.1	1.1	1.5	1.6	1.6	1.5	1.5	1.8	2.4	3	3.4	3.5	3.2	3.4	4.1	3.9	3.6	2.8	2.7	1.5	0.9	1.1	1	0.9	4.1	2.2	21.6	21.4	21	20.7	20.5	20.6	20.7	20.9	22.6	24.9	26.3	27.1	27.1	27.1	27.2	27.6	26.6	25.2	24.2	23.4	22.7	22.5	22.1	21.7	27.6	13.6	0.62	-0.79	2.1	1550.5	5.9	0.26	1.12	2.16	3163	-10.5	0.14	7.94	-3.16	5830	11.65	0	0
10200	23.1	34.15	0.8	0.8	0.8	0.5	0.8	1.2	1.7	1.9	2.2	2.7	3	4.2	3.8	4.3	5	5	4.2	4.1	3	1.6	2.2	2.3	3.3	2.6	5	2.6	20.9	20.6	20.1	19.9	19.6	19.8	19.6	20.1	21.2	22.8	25.9	27	27.2	26.9	26.7	26.4	25.6	25	24.3	23.7	23.1	23	23.1	23	27.2	13.8	0.53	-2.21	2.02	1574	5.1	0.53	1.59	0.92	3186	-8.6	0.13	9.02	-1.26	5870	17.05	20	0
10190	23.7	30	2	1.6	1.4	1.3	1.3	1.3	1.6	1.8	2	3.9	4.3	3.6	2.6	4.1	4.4	4.3	3.4	3.2	2.9	2.6	2.3	1.8	2.1	1.8	4.4	2.6	22.7	22.2	21.8	21.5	20.8	20.7	21	21.9	23.6	25.3	26	26.1	25.1	26	26	26.1	25.9	25.3	24.4	23.7	23.4	22.9	22.8	22.8	26.1	14.3	0.36	-1.64	5.55	1564.5	6.7	0.34	3.09	5.35	3181.5	-8.2	0.1	13.23	5.42	5865	7.8	-10	1.73
10190	23.9	33.4	1.8	1.5	0.7	0.8	0.4	0.3	0.4	0.8	1.8	2.7	3.5	2.5	2.6	2.9	3.6	3	3.4	2.7	2.1	2.2	2.1	1.5	1.3	1.1	3.6	1.9	23	23	22.6	21.8	21.7	21.5	21.4	22.7	24.2	24.7	23.9	25.1	26	26.6	27	26.8	27.1	25.9	24.6	23.8	23.4	23	22.7	22	27.1	14.6	0.45	0.59	3.16	1562	7.7	0.32	4.37	1.59	3182.5	-8.1	0.08	11.25	-0.29	5865	10.3	0	0
10190	23.8	34.05	0.8	1.3	1.3	1.3	1.2	1.3	1.4	1.5	1.8	3.9	3.9	3.5	3.2	4.4	4.9	4.3	4.4	3.4	2.9	2.5	2.5	2.7	2.3	2.1	4.9	2.6	21.4	21.3	21.4	21.2	21.1	20.6	20.4	20.7	22.7	25.4	26.5	27.2	27.2	27.7	27.1	27	26.2	25	24.2	23.8	23.6	23.3	23.1	23	27.7	15.4	0.47	-2	3.3	1564	7.2	0.36	-0.77	3.73	3187.5	-8.1	0.03	8.73	-0.51	5875	12.45	0	0
10175	24	40.95	2.5	2.5	2.7	2.6	2.2	2	2.1	2.5	3.3	4.3	4.7	4.8	4.2	3.4	2.7	1.7	1.9	1.9	2.4	2.1	2.3	1.6	1	0.4	4.8	2.6	23.2	23.2	23.4	23.6	23.5	23.3	23.2	23.8	25.2	26.5	26.9	27.2	26.5	25.2	21	22.3	23.2	24	24.3	24.1	23.9	23.6	23.3	22.6	27.2	14	0.78	-1.38	8.05	1552	5.3	0.45	-0.97	11.09	3166	-8.4	0.11	6.43	5.92	5860	22.05	-15	0.25
10155	23.9	43.8	1.1	0.5	0.8	1.4	0.5	0.7	1	0.8	1.9	2.4	2.2	1.7	0.8	1.1	3.7	2.8	3	2.1	2.1	2.6	2.7	1.9	1.9	1.5	3.7	1.7	22.2	22.4	22	22.2	22.5	22.5	22.8	23.1	24.6	26.3	27	27.2	27.1	27.7	25.7	25.6	25.2	23.9	23.7	23	22.2	21.9	21.9	22.1	27.7	13.4	0.82	1.31	7.23	1535.5	6	0.5	3.37	5.41	3145	-10	0.46	10.44	7.58	5825	24.3	-20	0.23
10175	22.7	46.15	0.8	0.4	0.6	0.9	1.6	1.9	2.4	2.5	2.7	2.5	2.3	2.7	3.3	2.7	0.8	0.8	1.5	1.7	1.9	2.1	2.6	1.7	1.8	2.1	3.3	1.9	22.2	22.3	22.7	22.1	22.1	22.2	22.1	22.1	22.1	22.3	22.7	23.4	23.9	23	22.8	23.1	23.3	23.4	23.4	23.4	23.4	22.8	22.9	22.1	23.9	13.4	0.9	-1.62	4.88	1551	5.3	0.85	-0.11	7.66	3163.5	-10.5	0.75	14.03	8.1	5840	33.3	20	1.47
10160	22.7	42.3	2	1.9	2	1.2	1.1	0.8	1.1	1.5	1.3	1.7	1.9	2.7	2.6	3.2	3.1	2.4	1.2	0.9	0.2	0.9	0.9	0.2	0.6	0.7	3.2	1.5	21.7	21.8	21.9	22.1	21.9	22.1	22.1	22.3	23	23.8	24.1	24.6	24.7	25.1	24	22.1	22.6	22.6	22.6	22.5	22.2	21.8	21.7	21.5	25.1	13.9	0.87	0.03	7.35	1538.5	5.1	0.63	5.69	7.99	3150.5	-8.3	0.46	17.94	8.37	5840	26.15	-15	1.14
10125	23.2	46.4	0.5	0.3	0.6	0.8	1.2	1	1.4	1.2	1.3	1.8	2.6	2.7	2.7	2.3	2.9	3.5	3.5	3.9	3.1	3.6	3.8	4.2	3.8	3.3	4.2	2.3	21.1	21	20.9	20.9	20.9	20.9	20.9	21	21.5	22.8	24.3	25.3	25.8	25.7	25.5	25.4	25	24.4	24.2	24.1	24.1	24.2	24.1	21.9	25.8	14.6	0.89	6.81	1.38	1507.5	5.3	0.96	7.3	0.87	3127	-9.5	0.64	14.67	0.45	5810	36.35	-35	1.75
10045	19	41.1	2.8	1.8	1.3	2.2	1.8	1.5	1.3	1.6	3.4	3.7	4.3	3.9	4.5	4.7	3.9	3.1	1.8	1	0.3	0.1	0.1	1.2	2.2	2.1	4.7	2.3	16.8	16.6	16.4	16.3	16.4	16.4	16.4	16.7	17.4	18.2	19.8	21.9	23.2	24	24.2	24.2	24.1	22	19.3	18.1	17.1	16.9	17.1	15.8	24.2	13.9	0.79	2.3214	6.1777	1432	6.3	0.79	10.14	15.28	3051.5	-8.6	0.88	11.71	16.67	5735	29.05	-80	3.05
10065	15.7	31.4	3	2	3	3.5	2.2	2.7	3.2	4	4.9	4.5	4.2	3.5	2.9	3.4	3	2.7	3.4	3.3	2.9	3	3	2.2	1.8	2.5	4.9	3.1	15.1	14.4	13.7	13.2	12.6	11.9	11.6	12.1	13.4	14.9	16.2	17.2	18.2	18.9	19.2	18.7	18.4	18.1	17.7	16.7	16.3	16.3	15.9	15.3	19.2	15	0.28	6.63	5.55	1442.5	7	0.12	11.95	7.55	3061	-10.2	0.07	20.42	15.33	5740	-6.3	20	0
10060	11.3	47.15	2.4	2.2	1.8	2.5	3.1	3.3	3.5	3.9	4	4.5	4.5	4.5	4.8	5.8	5.3	5.1	5.9	6.3	6.4	6.5	6.1	5.2	4.3	4.1	6.5	4.4	14.8	14.6	14.9	14.8	14.3	13.8	13.3	12.9	12.4	11.9	11.3	11.3	10.7	9.7	9.6	10.4	10.4	9.6	8.9	8.7	8.4	8.2	7.9	7.6	14.9	15.9	0.83	3.09	16.85	1461.5	5.8	0.82	6.16	17.72	3085.5	-9.1	0.04	15.88	17.5	5770	35	-5	0.66
10065	9.1	32.15	5	5.6	4.5	3.3	3.4	3.2	3	3.2	3.7	4	4.2	3.8	3.4	3.8	3.5	3.6	2.9	1.1	0.1	0.2	0.2	0.2	0.2	0.3	5.6	2.8	7.2	6.7	6.1	5.2	4.6	4.3	4	4.5	6.3	8.7	10.4	11.6	13	14.4	15.2	15.5	15.4	13.8	11.1	9.6	8.5	8	7.5	6.7	15.5	11.6	0.6	3.3833	3.312	1421.5	5.6	0.5	20.08	20.33	3029.5	-9.1	0.1	21.43	27.54	5700	5.3	5	0
10160	10.8	16.3	0.1	0.4	0.8	0.7	0.5	0.2	1	1.3	2.3	2.1	1.9	1.3	1.5	2.3	3	2.4	2.2	1.1	1	1.3	0.8	0	0.8	1.1	3	1.3	6.2	6.2	6	6.2	5.7	5.1	5.4	6.6	8.6	11.1	13.1	14.6	15.5	16.3	17.1	17.4	17.3	15.7	13.5	12.6	11.1	9.1	9.3	9.4	17.4	8.9	0.23	4.48	-5.7	1474	7.8	0.08	9.55	0	3082.5	-9	0.06	17.11	3.09	5780	-27.2	95	0
10185	11.9	13	1.6	1.4	1.4	1.4	2.6	2.4	1.7	1.7	2.7	4.2	2.7	2.6	2.8	3.8	2.5	2.1	2.5	2.3	3	2.7	2.8	2.3	2.4	2.1	4.2	2.4	9.2	8.8	8.4	8	8.1	8.1	8	8.3	9.7	10.2	10.2	10.9	12.2	13.7	15.6	16.5	16.6	16.3	15.9	15.2	14.6	14.2	13.8	13.6	16.6	11.9	0.09	0.26	-0.14	1508.5	6.6	0.21	5.89	1.49	3128.5	-9.6	0.05	12.58	4.26	5810	-16.6	25	0
10165	17.7	39.95	2.4	1.9	1.9	2.3	2.7	2.4	2.1	1.7	2.6	2.6	3.2	5	5.5	5.3	5.1	5.1	4.9	5.8	2.4	3	1	4.7	5.7	5.1	5.8	3.5	13.4	13.4	13.2	13.2	13.5	13.6	13.6	13.8	14.4	15.9	20	23.2	24.1	24.2	23.5	22.7	22.1	21.8	21.7	20.8	20.3	17.6	13.1	11.8	24.2	11.4	0.86	5.87	-3.68	1510.5	7.9	0.19	9.52	4.46	3121.5	-9.8	0.27	19.54	4.42	5810	9.15	-20	1.22
10120	10.1	43.6	4.4	4	3.8	4.6	4.1	4.1	3.7	4	4.1	4	4.5	5.1	4.8	4.6	4.5	3.8	3.9	3.7	2.8	3.3	3	3.1	3.2	2.8	5.1	3.9	11.3	11.2	11.4	11.4	11.2	10.6	10.1	9.8	9.3	9.3	9.7	9.5	9.6	10.9	11.2	11.9	12.4	11.1	10.1	9.4	8.4	7.8	7.2	6.4	12.4	13.6	0.79	8	2.47	1486.5	7.5	0.24	13.57	6.99	3101	-10.1	0.46	27.05	7.25	5780	14	-45	0
10220	8.1	12.6	2.2	2	2	1.9	1.8	1.7	1.4	1.4	2.1	2.5	2.8	3.4	3.2	2.9	2.9	2.5	2.2	1.6	0.8	0.3	0.2	0.4	0.4	0.4	3.4	1.8	5.6	4.9	4.3	4	3.6	3.2	2.8	3.9	6.3	8.1	9.6	11.2	12.4	13.6	14	14.3	14.1	12.8	10.9	8.6	7.3	6.6	6.2	5.4	14.3	8.2	0.12	6.76	-6.89	1518	2.5	0.51	20.29	1.91	3108	-11.1	0.37	33.62	1.74	5770	-12.95	100	0
10225	11.8	0.3	0.3	0.5	0.9	1.3	1.5	1.9	2	2.2	2.7	3.1	3.6	4	3.8	3.9	3.6	3.7	3.6	3.6	3.1	2.4	2.2	1.9	2	1.5	4	2.5	4.8	5	5.5	6.8	7.3	7.5	7.3	7.9	9.3	11.5	12.8	13.7	14.1	14.7	14.8	15.3	15.4	15.4	15.4	15.8	15.6	15.8	15.9	16.7	16.7	8.5	0.04	5.47	-3.16	1525.5	5.8	0.32	12.54	-0.87	3124	-9.9	0.11	26.24	-3.49	5795	-30.6	5	0
10140	16.8	42.6	0.8	1	0.8	0.8	2.6	0.5	0.4	0.5	0.2	0.2	1	2.2	0.4	1.3	0.2	0.4	0.7	0.6	0.8	1.6	2.4	2.9	3.2	3.6	3.6	1.2	17.2	16.4	15.8	16.2	16.3	16.1	16.6	16.9	17.3	17.8	18.8	18.9	18.7	17.6	17.2	17.5	17.6	17.5	17.3	17.1	16.2	15.2	13.7	12.6	18.9	11.2	0.86	10.1	8.94	1494.5	7	0.52	13.85	10.37	3101.5	-11.2	0.6	28.99	10.55	5775	22.4	-85	2.21
10165	9.3	36.2	3.1	2.3	2.1	2.5	3.3	3.8	3.4	3.4	2.7	3.1	3.3	3	3.4	3.4	3.3	2.6	3.1	2.8	2.7	2.6	2.7	2.9	2.6	2.9	3.8	3	11.9	11.8	11.4	11.1	11.1	10.8	10.5	9.4	8.7	8.2	8.3	8.3	8.4	8.5	8.5	8.4	8.2	8.2	8.4	8.7	8.8	8.8	8.6	8.5	11.9	10.6	0.65	8.6	-4.04	1502	3.8	0.86	19.29	4.56	3105	-10.8	0.89	31.36	8.62	5770	23.35	25	1.37
10215	6.3	33.2	2.5	2.5	2.5	2.7	2.4	3	4	4.3	4.5	4.5	3.9	3.8	4.6	4.9	4.2	4.2	3.5	2.9	3	2.5	2.7	2.8	3	3	4.9	3.4	8.2	7.4	7.1	7	7	6.9	6.5	6	5.7	5.6	5.9	5.8	5.6	5.9	6.4	6.4	6.6	6.5	6.3	6.1	6.1	5.9	5.8	5.6	8.2	7.8	0.84	0.04	-2.05	1518.5	4	0.9	14.04	9.4	3117.5	-10.1	0.89	21.09	14.82	5785	21.55	50	5.13
10195	7.7	36.45	3.6	3.9	3.5	3.6	3.3	2.5	2.2	2.1	2.7	3	2.6	2.7	2.3	2.4	2.3	2.6	1.6	0.9	0.3	0.2	0.4	0.4	0.4	0.4	3.9	2.1	5.1	4.8	4.5	4.3	4.4	4.7	5	5.4	6.1	6.8	7.8	9	10.3	11.6	12.4	12.9	12.9	11.6	9.8	8.4	7.6	7	5.9	5.5	12.9	7.5	0.99	-1.84	-0.95	1494	2.6	0.79	15.42	6.27	3081	-10.8	0.69	33.51	21.5	5740	22.55	-20	0.05
10250	8.9	17.55	0.4	0.2	0.4	0.3	0.1	0.3	0.2	0.3	0.8	1.3	2.1	1.6	1.6	2	2.1	2.2	1.7	0.8	0.3	0.4	0.5	0.3	0.4	0.7	2.2	0.9	4.5	4.2	3.9	3.6	3.1	2.9	2.6	3.5	7.3	10.6	12.5	13.6	14.4	15.1	15.7	16	15.8	14.1	11.3	10	8.5	7.4	7	6.6	16	5.1	0.37	1.17	-4.6	1542.5	2.2	0.01	10.6	-5.19	3109	-14.4	0.03	24.81	0.16	5745	-40.85	55	0
10315	8.5	19.8	1.3	1.3	0.9	0.8	1.5	0.9	0.3	0.9	2.7	3.2	2.5	2.2	1.8	1.1	1.1	2.1	2.4	1.7	1.3	1.3	1.1	0.5	0.5	0.2	3.2	1.4	6.8	6.2	5.3	4.7	4.7	4.3	3.3	4	6.5	8.5	10.2	11.9	13.1	13.9	14.4	14.7	13.9	12.1	10.2	8.9	8.2	6.3	6	5.4	14.7	3.2	0.27	3.9	-6.89	1593	0.3	0.03	10.84	-10.27	3157.5	-14.7	0.11	25.64	-7.7	5775	-32.4	65	0
10315	12.3	12	0.3	0.3	0.4	0.8	2	1.1	1.2	1.9	2.3	2.6	3.5	4.8	4.3	4.7	4.5	4.6	3.7	2.5	2.5	2.3	1.9	2	1.8	2.6	4.8	2.4	4.9	4.6	4.4	5.1	6.9	7	7.1	7.8	10.9	14.7	16.4	17.3	17.6	17.5	17.4	17.5	16.7	15.4	14.6	14.2	13.6	13.6	14.2	15.3	17.6	7.4	0.11	3.11	-1.79	1598	1.5	0.03	6.89	-1.42	3174	-12.6	0.06	19.69	-8.11	5815	-36.6	0	0
10230	18.9	26.4	2.4	3.3	4	3.1	2.5	2.5	2.1	2.2	2	2.8	3	2.7	3.3	3.9	4.6	3.4	3.8	4.4	3.1	3	3.5	4.2	4.6	4.9	4.9	3.3	15.6	15.6	15.9	16.1	15.9	15.8	15.7	15.9	16.1	16.4	18.3	19.8	21.3	22.8	23	21.8	22.2	22.1	20.6	20.6	20.7	20.8	21	20.6	23	7.1	0.5	2.88	4.13	1552	3	0.45	12.06	2.6	3137	-12.1	0.42	16.8	2.12	5785	-6.1	-85	1.3
10095	15.2	48.4	3.6	3.3	3.4	3	1.7	0.9	1.3	5.4	5.5	5.5	7	7.5	7.8	8.3	7.4	7.2	6.5	5.8	6.4	5.9	5.1	5	4.3	3.5	8.3	5	20.8	20.8	18.5	15.6	15.5	15.7	15.4	15.3	14.5	15.5	16.4	16.5	16.2	15.8	15.2	14.4	14	13.7	13.3	12.7	12.3	12.1	12	11.7	20.8	11.9	0.9	4.92	16.78	1469	1.8	0.93	12.6	10.57	3067.5	-13.1	0.62	19.82	8.75	5715	34.3	-135	1.6
10105	13.1	31.5	3.2	3.3	3.3	3	3.4	2.7	2.5	3.1	3.2	3.2	3.2	3	2.2	1.8	2.3	2.8	1.9	1.5	1.2	0.3	1	0.8	0.8	0.6	3.4	2.3	11.6	11.6	11.6	11.5	11.4	11.4	11.4	11.4	11.8	12.6	13.7	14.6	15.7	16.6	17.1	17.4	17.2	15.9	14.2	12.5	11.7	11	10.7	10.1	17.4	5.2	0.79	13.2	-4.39	1431.5	4	0.12	21.14	2.84	3022	-12.3	0.02	32.23	6.63	5675	-5.8	10	0
10165	12	35.9	0.6	0.8	0.9	0.8	0.6	0.7	0.6	1	1.5	1.7	2.4	3.4	4.7	5.3	4.3	3.6	2.8	1.3	0.1	0	0.1	0.3	0.4	0.3	5.3	1.6	9.4	8.9	8.9	8.7	8.3	7.9	8.1	8.7	10.5	13.1	15.3	16.8	17.8	18.2	18.3	18.4	18	15.8	12.8	10.8	9.4	8.4	8.2	7.5	18.4	5.7	0.38	8.49	-4.18	1490	-1.45	0.2	15.36	-0.83	3059	-18.5	0.24	17.91	-1.009	5645	-1.6	60	0
10190	14.2	21	0.1	0.3	0.2	0.3	0	0.3	0.4	0.3	0.3	1.6	2.1	2.6	3.4	3.3	3.4	2.8	1.9	1.5	2.1	1.5	1	0.6	0.3	0.7	3.4	1.3	6.9	6.8	6.6	6.3	6.1	5.9	6.1	7.1	11.6	16.5	19	20.4	21.2	21.4	21.8	21.7	21.4	19.5	18.4	17.1	15.9	15.1	14.1	13.9	21.8	6.2	0.33	7.08	-4.47	1513.5	1	0.03	15.15	-4.78	3089.5	-12.3	0.05	29.56	-7.92	5730	-28.3	25	0
10190	18.9	33.4	0.8	1.1	1.1	0.9	1.4	1.4	1.5	1.5	2.1	3	4.1	4	3.7	4.3	4.5	4	4	3.4	2.6	2.8	2.1	1.7	1.4	1.3	4.5	2.4	13.6	13.4	13.9	14.3	14.6	14.9	15.7	16.4	17.8	20.2	22.3	22.4	22.8	22.9	22.9	22.7	22.1	21.6	21	20.7	20.4	20.2	19.3	18.3	22.9	8.1	0.61	5.83	-2.12	1528	3.3	0.13	10.38	-1.27	3118.5	-12.1	0.09	17.35	3.04	5780	-2.7	0	0.03
10195	17.4	47.2	0.9	1.3	0.9	1	1.1	0.2	0.3	0.4	1	2.2	2	2.9	2.7	3.2	4	3.1	3	3.4	3.4	2.7	2.1	1.9	1.5	0.8	4	1.9	17.8	17.9	17.9	17.5	18.2	17.6	16.7	16.6	18.5	19.8	19.2	19.4	19.9	19.9	19	18.3	17.6	16.9	16.6	16.1	15.2	14.4	13.7	12.9	19.9	10.6	0.85	6.26	0.36	1544	3.3	0.37	7.41	-3.91	3135	-14.2	0.14	9.63	-2.1	5780	10.75	5	0.13
10240	13.4	44.6	1.4	1.4	1.7	1.6	1.4	1.3	0.1	1	2.2	3.1	3.9	4	3.3	2.4	2.4	2.4	2.2	1.9	1.4	2.1	2.1	1.4	1.7	1.1	4	2	12.2	11.6	11	10.3	9.7	9.2	8.6	8.6	10.2	12.5	14.6	15.5	16	16.4	16.7	16.7	16.4	15.5	14.3	14.7	15.1	15.1	15.1	15.2	16.7	10.4	0.78	3.74	-2.16	1565	3.1	0.52	8.46	-2.37	3160.5	-13.7	0.1	8.43	-4.8	5815	13.4	45	0
10210	16.4	47.15	1.7	1.6	1.3	1.4	1.7	1.7	1.6	1.5	1.4	1	0.4	1.3	2.1	2.6	2.8	2.9	3.7	2.4	3.2	2.8	3.5	3.8	3.8	4.1	4.1	2.2	15.1	15.1	15.1	15.2	15	14.9	15.1	15.3	15.6	16.2	17.5	18.6	18.7	20.1	20.1	19.8	18.3	16.9	16.4	16.2	15.8	15.1	14.4	13.7	20.1	11	0.81	5.15	2.4	1549	2.05	0.5	10.28	3.27	3143	-14.1	0.09	12.98	1.38	5790	21.1	-30	0.03
10235	7.9	39.25	4.5	4.8	3.7	3.8	3.5	3.4	3.1	3.4	4.1	4.5	4.9	4.5	4.4	4.8	4.9	4.2	4.4	3.1	3.1	3.3	3	2.6	2	1.4	4.9	3.7	12.3	10.6	9.1	7.9	6.9	6.1	5.6	5.6	5.8	6.9	7.7	9	10.1	10.5	10.5	10	9.4	8.1	7.4	6.9	6.5	6.1	5.6	5.2	12.3	9.1	0.61	8.3	-3.31	1549.5	1.6	0.53	12.26	-2.28	3133	-15.1	0.15	17.58	-3.8	5765	8.15	25	0