3.030000000000000071e+01
3.789999999999999858e+01
4.389999999999999858e+01
4.660000000000000142e+01
2.839999999999999858e+01
4.260000000000000142e+01
4.589999999999999858e+01
4.454999999999999716e+01
4.204999999999999716e+01
4.045000000000000284e+01
4.210000000000000142e+01
5.050000000000000000e+01
4.704999999999999716e+01
4.504999999999999716e+01
4.929999999999999716e+01
4.875000000000000000e+01
4.650000000000000000e+01
4.870000000000000284e+01
4.260000000000000142e+01
3.970000000000000284e+01
3.069999999999999929e+01
4.150000000000000000e+01
3.700000000000000000e+01
4.679999999999999716e+01
3.804999999999999716e+01
4.060000000000000142e+01
4.810000000000000142e+01
3.570000000000000284e+01
3.500000000000000000e+01
5.470000000000000284e+01
4.120000000000000284e+01
0.000000000000000000e+00
3.479999999999999716e+01
4.039999999999999858e+01
4.200000000000000000e+01
4.460000000000000142e+01
4.639999999999999858e+01
3.579999999999999716e+01
4.850000000000000000e+01
5.020000000000000284e+01
4.500000000000000000e+01
4.400000000000000000e+01
4.700000000000000000e+01
4.750000000000000000e+01
4.510000000000000142e+01
4.500000000000000000e+01
3.985000000000000142e+01
4.845000000000000284e+01
4.595000000000000284e+01
4.554999999999999716e+01
4.879999999999999716e+01
4.435000000000000142e+01
4.370000000000000284e+01
4.139999999999999858e+01
4.575000000000000000e+01
4.339999999999999858e+01
4.329999999999999716e+01
4.714999999999999858e+01
4.160000000000000142e+01
3.720000000000000284e+01
4.275000000000000000e+01
4.370000000000000284e+01
5.004999999999999716e+01
4.920000000000000284e+01
4.479999999999999716e+01
4.960000000000000142e+01
4.820000000000000284e+01
4.500000000000000000e+01
4.604999999999999716e+01
4.645000000000000284e+01
4.820000000000000284e+01
4.925000000000000000e+01
4.450000000000000000e+01
4.110000000000000142e+01
4.189999999999999858e+01
4.329999999999999716e+01
4.354999999999999716e+01
4.364999999999999858e+01
4.514999999999999858e+01
4.410000000000000142e+01
