1.10E+00
1.50E+00
1.40E+00
1.40E+00
4.20E+00
1.60E+00
2.60E+00
2.20E+00
3.20E+00
2.50E+00
1.80E+00
4.00E+00
3.70E+00
2.90E+00
1.50E+00
2.90E+00
2.00E+00
2.40E+00
3.40E+00
2.30E+00
1.70E+00
1.20E+00
1.20E+00
1.10E+00
1.00E-01
1.50E+00
7.00E-01
1.30E+00
1.60E+00
1.80E+00
1.50E+00
1.20E+00
1.10E+00
1.20E+00
7.00E-01
1.00E+00
1.90E+00
1.90E+00
9.00E-01
2.50E+00
1.30E+00
1.30E+00
1.90E+00
1.80E+00
1.50E+00
3.50E+00
2.10E+00
2.00E+00
1.70E+00
8.00E-01
1.50E+00
2.00E+00
4.30E+00
6.20E+00
4.70E+00
6.20E+00
4.10E+00
6.30E+00
6.10E+00
7.10E+00
5.60E+00
6.40E+00
5.50E+00
3.40E+00
4.50E+00
3.10E+00
2.30E+00
3.00E+00
3.20E+00
3.70E+00
4.20E+00
3.70E+00
2.20E+00
2.90E+00
3.30E+00
1.40E+00
1.00E+00
8.00E-01
7.00E-01
6.00E-01
3.60E+00
6.60E+00
6.10E+00
6.20E+00
5.50E+00
4.90E+00
5.80E+00
4.60E+00
4.30E+00
2.90E+00
3.20E+00
1.70E+00
2.30E+00
1.90E+00
3.00E+00
3.50E+00
1.40E+00
2.10E+00
8.00E-01
1.90E+00
3.5
3.7
1.1
1.4
1.3
0.9
2.7
6.4
6.1
5.5
5.4
2.5
3.8
1.8
1
1.8
3.3
2.4
3.2
1.4
1.3
0.5
2.3
2
0.6
0.7
1.9
2
1.6
3
3.2
4.7
5.5
4.3
4.1
4.5
3.6
3.2
3.8
3.2
3
2
1.1
0.2
1.3
1.2
0.6
0.7
0.8
0.3
0.5
0.5
2.2
2.3
3.9
5.2
5.1
3.5
2.9
2.5
2.7
2.1
1.8
2.4
1.2
0.5
0.7
1.3
0.9
1.4
0.8
0.7
0.7
0.7
0.4
2
0.7
1.2
2.5
2.7