6.71E+00
6.70E+00
6.71E+00
6.74E+00
6.75E+00
6.75E+00
6.74E+00
6.75E+00
6.75E+00
6.74E+00
6.75E+00
6.76E+00
6.73E+00
6.72E+00
6.72E+00
6.72E+00
6.73E+00
6.74E+00
6.73E+00
6.72E+00
6.68E+00
6.55E+00
6.53E+00
6.66E+00
6.71E+00
6.73E+00
6.73E+00
6.73E+00
6.70E+00
6.63E+00
6.52E+00
6.46E+00
6.50E+00
6.53E+00
6.55E+00
6.60E+00
6.50E+00
6.29E+00
6.06E+00
6.00E+00
5.97E+00
5.98E+00
5.93E+00
5.86E+00
5.80E+00
5.73E+00
5.55E+00
5.32E+00
5.08E+00
4.96E+00
4.81
4.74
4.76
4.84
4.87
4.86
4.85
4.84
4.84
4.85
4.87
4.87
4.97
5.11
5.21
5.19
5.09
4.9
4.77
4.89
5.04
5.21
5.36
5.36
5.1
4.65
4.39
4.25
4.17
4.15