6.904529032139968825e-01
5.522279987108842381e-01
4.584072576925211084e-01
3.990597233785538878e-01
3.664096875275891785e-01
3.550216314585300514e-01
3.608542852799476730e-01
3.816016969490409472e-01
4.158882360999627825e-01
4.635649362576134136e-01
5.253436922855557745e-01
6.028302233190622195e-01
6.984972464248879742e-01
8.157036824347581039e-01
9.588082264466657456e-01
1.133308035431665362e+00
1.345973017447223308e+00
1.605246955509531892e+00
1.921335868401055080e+00
2.306732669363572796e+00
2.776355393202856625e+00
3.347901795073231490e+00
4.041889588599000938e+00
4.880905851918550198e+00
5.888341625825428416e+00
7.085099614266755275e+00
8.482442170356597089e+00
1.007360100583289153e+01
1.181453208898983931e+01
1.360707882305656646e+01
1.528224219752453017e+01
1.660835246663613773e+01
1.732039693782603607e+01
1.722474627115456869e+01
1.626512294541064563e+01
1.455859710863505541e+01
1.236128192281510785e+01
9.961134001075183875e+00
7.601393997781698886e+00
5.444889504139818648e+00
3.572340196978448290e+00
2.003424563933529079e+00
7.203697190523943306e-01
-3.149843662755915652e-01
-1.148112116433805063e+00
-1.824669237933163934e+00
-2.386759924579695102e+00
-2.871137605314270758e+00
-3.309216563146026413e+00
-3.727187465266526445e+00
-4.146874386666876688e+00
-4.586253143970148827e+00
-5.059590889058416252e+00
-5.579209824434364862e+00
-6.153173943219325537e+00
