-2.354343605301577047e-01
-1.270906563616485963e-01
-3.009945005066397283e-02
5.877198660313948109e-02
1.434090791564510969e-01
2.275899656901932966e-01
3.153444944442066467e-01
4.104519122999912284e-01
5.170440308122816742e-01
6.393497099780356407e-01
7.821535199908978830e-01
9.509157222367142781e-01
1.152101147299625428e+00
1.393476508497434763e+00
1.684457735027101277e+00
2.036512386465036073e+00
2.463624651708127722e+00
2.982739620124973179e+00
3.614291881060945677e+00
4.382548474917411951e+00
5.315847081348686665e+00
6.445860603495965790e+00
7.806173158753487940e+00
9.427950075405886921e+00
1.133145462352528909e+01
1.351218970495223815e+01
1.591380995024056766e+01
1.839601083152373207e+01
2.068882302006450757e+01
2.237456209459137213e+01
2.291228870776681248e+01
2.181396356516114210e+01
1.888659626037289740e+01
1.444464145340037042e+01
9.311445611932301247e+00
4.436688691065373114e+00
5.033693765179076962e-01
-2.241537570430207627e+00
-3.916274743682377935e+00
-4.788491725376230690e+00
-5.143350937430457570e+00
-5.206339083954890867e+00
-5.136611013874327725e+00
-5.035602551288381967e+00
-4.965419200314547865e+00
-4.960699070035534675e+00
-5.040337109970012719e+00
-5.213748784157757221e+00
-5.485454949105278644e+00
-5.857606454256494288e+00
-6.331250312474759667e+00
-6.906758788092644430e+00
-7.583460935445213380e+00
-8.357388222329003469e+00
-9.220912405361550768e+00
