2.001075171574257539e+01
1.897028464586998453e+01
1.798521469567322129e+01
1.705214579301919287e+01
1.616811805315090211e+01
1.533050872332856329e+01
1.453694640717697339e+01
1.378528999775342534e+01
1.307361010553654879e+01
1.240020371156348666e+01
1.176362806480528178e+01
1.116274920422372752e+01
1.059684602616368387e+01
1.006573253142019908e+01
9.569986512855303218e+00
9.111240979772702531e+00
8.692670327671889297e+00
8.319709814621015553e+00
8.001005257401686777e+00
7.750113238600375709e+00
7.587370016269475492e+00
7.543611950482740802e+00
7.663876143868531443e+00
8.013474018218850858e+00
8.684537846853427112e+00
9.801783545784944707e+00
1.152244907003360552e+01
1.402883902258277971e+01
1.747675767168055216e+01
2.192294221264012322e+01
2.719623751638137321e+01
3.279055501022326524e+01
3.786487429640370550e+01
4.155119079604306620e+01
4.329130003934675841e+01
4.310383786833050124e+01
4.149978594828255041e+01
3.914088894124717655e+01
3.657674532927133981e+01
3.412469159357909376e+01
3.191975450700220662e+01
2.998540391288234019e+01
2.829508249992099422e+01
2.680891331286491663e+01
2.549069687675372720e+01
2.431281559066412967e+01
2.325696865199697783e+01
2.231301334795711355e+01
2.147717322093880554e+01
2.075112358564113890e+01
2.014120822719109682e+01
1.965833370456326179e+01
1.931817672480528714e+01
1.914059643274695688e+01
1.915078322303600444e+01
