3226.8934
3247.5316
3237.2302
3285.0377
3311.0975
3308.6431
3324.6412
3312.9484
3324.27
3343.2663
3319.5985
3303.6003
3344.5406
3366.067
3366.606
3319.0176
3304.0026
3290.0208
3283.4941
3268.1358
3185.3595
3242.1075
3220.8783
3237.697
3261.7621
3262.783
3256.8168
3212.3708
3197.3323
3225.6447
3194.1669
3188.2572
3165.0047
3045.6621
3053.8857
3012.0782
3026.6174
2994.7035
2979.1314
2946.2326
2918.6346
2981.9947
2906.6232
2918.4954
2889.426
2862.988
2877.0091
2948.1774
2961.2966
2909.0853
2971.8183
2965.0133
2947.0582
2930.3694
2918.9978
2903.601
2963.1474
2994.8913
3043.1279
3041.1007
3018.6076
3009.5283
3004.7916
3012.495
2958.0507
2898.8406
2869.9206
2832.9963
2910.784
2873.751